0.9401307812570897
0.6663579017684867
0.0894044493319216
0.2556877320189541
0.805497232660483
0.2837065037891082
0.8178895246902843
0.026898727107114384
0.061892436716437516
0.4022135149571122
0.6496219986602733
0.26723813662887863
0.5338749999569817
0.2727497623788171
0.9784793505430668
0.43798243482782195
0.2831216980595538
0.8767469028489261
0.250469339529936
0.2068394024594078
0.8366088369155709
0.466789346791571
0.5785522488955184
0.3868728722297008
0.35907311846748546
0.612528522576217
0.04180944318984792
0.658048198473202
0.5089185792135771
0.6300020277307921
0.7582219397062452
0.9597342462192952
0.3934933301013064
0.8320099224755125
0.07520586983554378
0.7051934265229168
0.12266854126335325
0.25302127030648036
0.3831843405490716
0.3880366645978205
0.9489085540970498
0.37415436603932506
0.12485798663672609
0.7258155623203845
0.8775305160646556
0.9020934816462904
0.546469460264712
0.21736873651606303
0.9326081277006766
0.8403767869488121
0.6172398037763693
0.8782356291746353
0.9719830910304282
0.9323090758495619
0.3292875414738451
0.9623954339868512
0.059105049472497395
0.051823817674752526
0.28272384014402874
0.6787846820279365
0.9199286700082504
0.2719396221749937
0.05925067174181409
0.2674921534515676
0.9398547558320147
0.1500256511384963
0.392470733696746
0.3132251300791522
0.4887093719275726
0.23491207785704282
0.5542512508232394
0.8425862181456829
0.10101349495105338
0.9229505449755175
0.6938666861330566
0.5768953790206315
0.18430312923977288
0.5684514086946427
0.09027812399483726
0.6937372445475183
0.4800175187167258
0.1884934522217434
0.40778913651852455
0.5881086815936724
0.45948137264799815
0.19292311289738107
0.0814524022040789
0.41798745719302666
0.2017642874087463
0.3174300722530303
0.9009824033310242
0.6693377147416708
0.0707090217967904
0.3409064968473171
0.7105634288646975
0.5820133825913781
0.6851770195713502
0.22786738111486393
0.8968246208867658
0.04071615204561563
